%YAML:1.0
---
image_width: 640
image_height: 480
camera_matrix: !!opencv-matrix
   rows: 3
   cols: 3
   dt: d
   data: [ 4.3646387743753837e+02, 0., 2.7918330033088648e+02, 0.,
       9.3182308177291145e+02, 3.0998595654553372e+02, 0., 0., 1. ]
distortion_coefficients: !!opencv-matrix
   rows: 1
   cols: 5
   dt: d
   data: [ -1.2766554658602725e-01, 4.1319369009694542e+00,
       -3.4852415667678528e-02, -2.6089013691624208e-01,
       -4.9549631300807109e+00 ]
